inherited Form1_NmXhdpiPh: TForm1_NmXhdpiPh
  ClientHeight = 615
  ClientWidth = 400
  DesignerMasterStyle = 3
  inherited Button1: TButton
    Position.X = 72.000000000000000000
    Position.Y = 192.000000000000000000
    Size.Width = 241.000000000000000000
  end
end
